alpha 	 VyazovkinE 	 OzawaE 	 FridmanE
0.2	144.067704677582	154.482708593396	95.2455715655022	
0.201	143.831670284271	154.247943150736	95.1065569361826	
0.202	143.596827983856	154.013884503577	95.0096682236002	
0.203	143.362581729889	153.780556414898	90.9381764927051	
0.204	143.128931522369	153.54798802877	80.0860858015737	
0.205	142.798721790314	153.218752352119	77.224521846327	
0.206	142.445266246796	152.866510382719	77.0405169966581	
0.207	142.093598842621	152.516094774366	73.5674236883953	
0.208	141.743719577789	152.167491402995	67.2441475281547	
0.209	141.395628452301	151.82068629152	61.3418435690497	
0.21	141.003429889679	151.429097423855	63.0047574101324	
0.211	140.618979930878	151.045778130762	68.354862659728	
0.212	140.282809734344	150.710983707698	68.2292118112198	
0.213	139.949023723602	150.377878381305	68.0711168389492	
0.214	139.616429805756	150.046415762695	67.9138071154827	
0.215	139.285624027252	149.716583802885	67.7572768302004	
0.216	138.956606388092	149.388370570098	67.6015202307352	
0.217	138.628780841827	149.06176424896	66.3998209400788	
0.218	138.302743434906	148.73675313783	62.386838721796	
0.219	137.943923473358	148.379103380875	62.0769712495922	
0.22	137.586295604706	148.022428398216	61.7978992955343	
0.221	137.230455875397	147.667567970126	61.5507555076109	
0.222	136.876404285431	147.314452242143	61.3951590824005	
0.223	136.524140834808	146.963204914723	61.5203510747088	
0.224	136.173665523529	146.613811358529	64.6953387278774	
0.225	135.833919048309	146.275113705614	71.2777333601963	
0.226	135.544240474701	145.986242540781	72.0456004273284	
0.227	135.263502597809	145.706753536113	71.8940083900267	
0.228	134.983956813812	145.428414862422	71.8097303747966	
0.229	134.706199169159	145.15121983431	71.8102159234986	
0.23	134.429633617401	144.875476898658	71.7219837201499	
0.231	134.154260158539	144.601061866225	74.0027395349855	
0.232	133.879482746124	144.327814037205	82.8523620998394	
0.233	133.661925792694	144.110820654534	86.9315184253585	
0.234	133.479535579681	143.9290169174	86.8044757957397	
0.235	133.297145366669	143.747643486258	86.6777753709602	
0.236	133.115351200104	143.566699359426	86.5514160766764	
0.237	132.934153079987	143.386183533449	86.4416791785908	
0.238	132.752954959869	143.206095005096	86.3806193345579	
0.239	132.572948932648	143.02653170165	86.3142671569917	
0.24	132.392942905426	142.847651566111	82.7729499020238	
0.241	132.213532924652	142.669226478063	74.7544561663118	
0.242	131.994187831879	142.450485002383	68.8470818411908	
0.243	131.72835111618	142.185754567318	68.4262404036938	
0.244	131.461322307587	141.919683601135	68.2917014700998	
0.245	131.195485591888	141.654737866179	68.1577352396507	
0.246	130.930840969086	141.390910290207	68.0243380824373	
0.247	130.666792392731	141.128193858125	67.9482866875371	
0.248	130.404531955719	140.866581614516	68.5999005912461	
0.249	130.143463611603	140.606412676049	70.508026029182	
0.25	129.899084568024	140.362774241273	70.6245870466428	
0.251	129.657089710236	140.122074315365	70.4980845065017	
0.252	129.416286945343	139.882316882503	70.3720776458821	
0.253	129.176676273346	139.643496442223	70.2465635643812	
0.254	128.938257694244	139.405607536485	70.1215393841001	
0.255	128.700435161591	139.168644748722	69.9970022491686	
0.256	128.463208675385	138.932602705894	68.7337179541102	
0.257	128.227174282074	138.697476074996	65.3591881783404	
0.258	127.968490123749	138.439843722076	64.8067925234242	
0.259	127.710998058319	138.183471560125	64.2148096011239	
0.26	127.451717853546	137.925197256563	63.9358932559899	
0.261	127.192437648773	137.666733584697	63.8105351320403	
0.262	126.934349536896	137.409355606188	63.6857051641978	
0.263	126.676857471466	137.153056628599	64.5248793677574	
0.264	126.420557498932	136.897830012912	68.4614632461801	
0.265	126.188099384308	136.665829511087	71.2869256958709	
0.266	125.978887081146	136.457449756771	71.1737467771968	
0.267	125.770270824432	136.249802756423	71.060964619586	
0.268	125.562250614166	136.042884670546	70.8857994472045	
0.269	125.355422496796	135.836691685156	70.6316489182166	
0.27	125.148594379425	135.630945393169	70.4342915828141	
0.271	124.942362308502	135.425550535822	70.6376465518561	
0.272	124.736726284027	135.220866494668	72.7174043024614	
0.273	124.53705072403	135.022033449935	75.6073170735666	
0.274	124.361217021942	134.846810381421	75.3304604330511	
0.275	124.185383319855	134.672094758179	74.8575553095791	
0.276	124.010741710663	134.497884484547	74.3875093537668	
0.277	123.834908008575	134.323034454949	74.0606759740052	
0.278	123.657882213593	134.14690157774	73.9680533778913	
0.279	123.481452465057	133.971282442316	73.9383987689174	
0.28	123.30561876297	133.796246752673	74.1537132436517	
0.281	123.130977153778	133.622054951318	75.2581538591344	
0.282	122.959315776825	133.451645008636	76.4444010411036	
0.283	122.798383235931	133.291479154012	76.3454779625864	
0.284	122.638046741486	133.131746465764	76.2468298182395	
0.285	122.47771024704	132.972445266633	76.1484555064645	
0.286	122.31856584549	132.813573888779	76.0503539323032	
0.287	122.158825397491	132.655130671243	75.9525240053023	
0.288	122.000277042389	132.497113961741	75.8549646412012	
0.289	121.841728687286	132.339522117065	75.814885354574	
0.29	121.683776378632	132.18235350043	76.0253580139253	
0.291	121.526420116425	132.025930628243	75.8048130814937	
0.292	121.372640132904	131.872460315406	72.737724505981	
0.293	121.218860149384	131.719435247453	69.4803235800706	
0.294	121.065080165863	131.566824331494	66.3524025542422	
0.295	120.891630649567	131.393927393554	65.905745775418	
0.296	120.715796947479	131.218765308824	65.8110951334314	
0.297	120.54055929184	131.044129278578	65.7167360985534	
0.298	120.3653216362	130.870016999457	65.6226673553388	
0.299	120.191276073456	130.696426182378	66.8081618146103	
0.3	120.017230510712	130.523354550865	69.3640866555545	
0.301	119.858086109161	130.364843618109	70.293283378256	
0.302	119.706690311432	130.213996528132	70.2359341863991	
0.303	119.555294513702	130.063714936947	70.1473095849786	
0.304	119.405090808868	129.913818564358	70.0589213640158	
0.305	119.254887104034	129.764306011675	69.9707686220128	
0.306	119.1046833992	129.615175886621	69.8828504614244	
0.307	118.955671787262	129.466426803152	69.7951659897359	
0.308	118.806064128876	129.318057380779	69.7077143175623	
0.309	118.657648563385	129.170066246416	69.801585179275	
0.31	118.509232997894	129.022452032391	70.0000172589548	
0.311	118.363201618195	128.87693212828	68.9877643095522	
0.312	118.217766284943	128.732522513978	67.2698813410349	
0.313	118.073523044586	128.588471423266	65.5949230390941	
0.314	117.928683757782	128.444598136826	63.9736319473527	
0.315	117.77251958847	128.289305854402	63.8881363393562	
0.316	117.616951465607	128.134426974795	63.8028798714198	
0.317	117.461979389191	127.979959939759	63.7178615863669	
0.318	117.307007312775	127.825903199158	63.6330805321331	
0.319	117.152631282806	127.672255208167	63.426057723772	
0.32	116.998851299286	127.519014430799	63.1187453267032	
0.321	116.844475269318	127.365048574012	62.9494587852588	
0.322	116.689503192902	127.210882930706	62.8655431074026	
0.323	116.535127162933	127.057130623936	62.7825845609014	
0.324	116.381347179413	126.903790074763	62.701502440488	
0.325	116.227567195892	126.750863680571	62.6200650245653	
0.326	116.07438325882	126.598357725582	62.5370903477015	
0.327	115.921199321747	126.446259073731	62.4543473994121	
0.328	115.76920747757	126.294566172548	62.371835248111	
0.329	115.617215633392	126.143277477186	61.8865544396147	
0.33	115.465819835663	125.992391449771	61.0761336527209	
0.331	115.310847759247	125.838167880378	60.7233779187417	
0.332	115.154087543488	125.682453387246	61.2999974897434	
0.333	114.998519420624	125.52717157571	62.374794129549	
0.334	114.84295129776	125.372320705125	63.5395248785761	
0.335	114.687383174896	125.217899043352	64.6750249615648	
0.336	114.538967609406	125.06973183309	65.0226391247463	
0.337	114.394128322601	124.925509019305	64.9050675963521	
0.338	114.249289035797	124.781418684729	64.8227362185748	
0.339	114.104449748993	124.637699146744	65.4379340700575	
0.34	113.960802555084	124.494349049997	66.4022531159733	
0.341	113.823115825653	124.357846821022	66.4606480001827	
0.342	113.687813282013	124.222639762692	66.3800847335309	
0.343	113.551914691925	124.08775480434	66.2997246088802	
0.344	113.416612148285	123.953190886378	66.2195669071323	
0.345	113.281905651093	123.818946955221	66.1404245439685	
0.346	113.1471991539	123.685021960363	66.0951974219924	
0.347	113.013088703156	123.551414855245	66.1529879739578	
0.348	112.878978252411	123.418337822076	66.1787411232359	
0.349	112.74665594101	123.286305415818	65.8502592426809	
0.35	112.61373758316	123.154597423806	65.3922154851559	
0.351	112.479627132416	123.02098987699	65.2398762074635	
0.352	112.344920635223	122.887196178094	65.0489676825683	
0.353	112.210810184479	122.753738131104	64.7239733516596	
0.354	112.077295780182	122.62061450529	64.3625307852933	
0.355	111.943781375885	122.487824074807	64.0029810007891	
0.356	111.809074878693	122.354052869508	63.8225255885393	
0.357	111.6743683815	122.219845583434	63.7594955269864	
0.358	111.539661884308	122.085976959949	63.8118120322723	
0.359	111.405551433563	121.952445750898	64.7323744123322	
0.36	111.272633075714	121.819916031007	65.8843579620674	
0.361	111.146867275238	121.695146178433	65.9706778939991	
0.362	111.022889614105	121.571736699323	65.9005524200602	
0.363	110.898911952972	121.448624274769	65.8305951477201	
0.364	110.775530338287	121.32580784063	65.7608054747937	
0.365	110.652148723602	121.203286336626	65.691182801645	
0.366	110.529363155365	121.081058708399	65.6217265312037	
0.367	110.406577587128	120.95912390589	65.5524360695381	
0.368	110.284388065338	120.837480885051	65.4833108257815	
0.369	110.162198543549	120.716128605653	64.8350433755678	
0.37	110.040605068207	120.595066033119	63.6973723255848	
0.371	109.914243221283	120.469474233135	63.20506021966	
0.372	109.785497188568	120.341135408736	62.8170004232434	
0.373	109.656751155853	120.213188149363	61.423819006393	
0.374	109.528601169586	120.086017262369	59.6776247309696	
0.375	109.401047229767	119.959162212412	57.9735099239345	
0.376	109.269917011261	119.828618552241	56.8618779835079	
0.377	109.131634235382	119.69095724967	56.793540182961	
0.378	108.993947505951	119.553664899304	56.725384561983	
0.379	108.85626077652	119.416740031834	57.5286969866083	
0.38	108.719170093536	119.280181185373	59.0131363228517	
0.381	108.589231967926	119.151377811731	59.4607271402819	
0.382	108.46346616745	119.026268498686	59.3952040685601	
0.383	108.338296413422	118.901468548043	59.3298424747887	
0.384	108.213126659393	118.776976819829	59.2538876033679	
0.385	108.087956905365	118.652792179642	59.1531478040186	
0.386	107.963383197784	118.528913498987	59.0373723382145	
0.387	107.839405536652	118.405171768019	58.9458311359538	
0.388	107.714831829071	118.281552030201	58.8809296264294	
0.389	107.590854167938	118.158236000068	58.9073125223998	
0.39	107.467472553253	118.035222567033	59.1544038342173	
0.391	107.344686985016	117.913215906856	59.330016086049	
0.392	107.223689556122	117.793061333058	59.2661250929353	
0.393	107.103288173676	117.673195187861	59.2011506056578	
0.394	106.983482837677	117.553616441635	59.0460788675578	
0.395	106.863081455231	117.434324069383	58.6657097553649	
0.396	106.74387216568	117.31531705097	58.2875632363265	
0.397	106.624066829681	117.196594370383	57.9135343872477	
0.398	106.504857540131	117.077549715942	57.6501816330776	
0.399	106.383860111237	116.957214617406	57.6422787774862	
0.4	106.262862682343	116.837203830397	59.1454739597769	
0.401	106.143057346344	116.717815539179	61.135363553296	
0.402	106.033980846405	116.609641888952	61.4148948869845	
0.403	105.927884578705	116.503873204801	61.3555208694926	
0.404	105.821788311005	116.398330910453	61.2962750031292	
0.405	105.715692043304	116.293014289824	61.2371568779074	
0.406	105.610191822052	116.187922629514	61.1781660850788	
0.407	105.5046916008	116.083055219568	61.1193022180314	
0.408	105.399191379547	115.978411352374	61.0605648717927	
0.409	105.294287204742	115.873990323914	61.0019536429495	
0.41	105.189383029938	115.769791432325	60.9434681297008	
0.411	105.085074901581	115.665813979586	60.9679153039721	
0.412	104.980170726776	115.562057269796	61.0780184025554	
0.413	104.876458644867	115.458928899071	61.1603861896934	
0.414	104.773342609406	115.356491411857	61.1697600965506	
0.415	104.67141866684	115.254721352876	61.112967903872	
0.416	104.568898677826	115.153166145672	61.0731890777007	
0.417	104.46697473526	115.051825115058	61.2154568233835	
0.418	104.365646839142	114.950697588862	61.4071641820905	
0.419	104.263722896576	114.849782897034	61.5994293338186	
0.42	104.162395000458	114.749080372732	61.7922573466239	
0.421	104.062855243683	114.64993249575	61.7900795548751	
0.422	103.963315486908	114.551359728711	61.6056582632064	
0.423	103.864371776581	114.452990676561	61.3109220862641	
0.424	103.764832019806	114.353999791821	61.1442716287996	
0.425	103.664696216583	114.254522090496	61.089889249906	
0.426	103.565156459808	114.155252231438	61.0821870733126	
0.427	103.465616703033	114.056189568215	61.1077740991695	
0.428	103.366076946259	113.957351736613	61.1294173097204	
0.429	103.267133235931	113.85923355168	61.074080675226	
0.43	103.168785572052	113.761317528044	61.0188575828046	
0.431	103.070437908173	113.663603049651	60.9637476867342	
0.432	102.972090244293	113.566089503685	60.9087506430697	
0.433	102.874338626862	113.4687762782	61.3078609388053	
0.434	102.77658700943	113.371662765114	62.2581429947948	
0.435	102.681815624237	113.277632779418	62.7410956812938	
0.436	102.590620517731	113.187091581716	62.6883620475532	
0.437	102.499425411224	113.096725617506	62.6357299782782	
0.438	102.408826351166	113.006534383377	62.5726877748693	
0.439	102.318227291107	112.916517377519	62.1170827929353	
0.44	102.227628231049	112.82667410004	61.357074612896	
0.441	102.137625217438	112.737004053548	60.5804071911164	
0.442	102.047622203827	112.647506741707	59.7998229815832	
0.443	101.954638957977	112.5556287814	59.4067410241072	
0.444	101.860463619232	112.461646296998	59.4418230987226	
0.445	101.765692234039	112.367852444539	60.994344497486	
0.446	101.672112941742	112.274532689435	62.4571250486375	
0.447	101.587474346161	112.190540580399	62.4073263208516	
0.448	101.50283575058	112.106699736414	62.3576177739588	
0.449	101.418793201447	112.023009754802	62.3079991656927	
0.45	101.334750652313	111.939470234685	62.2584702549203	
0.451	101.25070810318	111.856080776906	62.209030801358	
0.452	101.166665554047	111.7728409828	62.159680565057	
0.453	101.083219051361	111.689750456065	62.1104193075217	
0.454	100.999772548676	111.606808801249	62.0612467909092	
0.455	100.91632604599	111.52401562425	62.0045721311127	
0.456	100.832879543304	111.441370532634	61.9423553851738	
0.457	100.750029087067	111.358873135012	61.9526809858518	
0.458	100.667178630829	111.276441810323	61.9757904209073	
0.459	100.584924221039	111.19457351444	61.9278970572194	
0.46	100.502073764801	111.112855914656	61.8789910339349	
0.461	100.420415401459	111.031281972585	61.7846471794535	
0.462	100.338160991669	110.949851318537	61.4267196855988	
0.463	100.256502628326	110.868563583512	60.7765581809974	
0.464	100.174844264984	110.787418400007	60.1327307319657	
0.465	100.093185901642	110.706415401703	59.495127878317	
0.466	100.010335445404	110.624068142157	59.0882977887517	
0.467	99.9251008033752	110.539515064288	59.0394674465185	
0.468	99.8398661613464	110.45511483185	59.0833083641141	
0.469	99.7552275657654	110.370867041255	59.7099659241371	
0.47	99.6705889701843	110.286771290631	60.3727993300127	
0.471	99.5901226997375	110.206716195029	60.3677788895751	
0.472	99.5102524757385	110.12719617835	60.2945926571714	
0.473	99.4297862052917	110.047659043457	60.2439649477797	
0.474	99.3499159812927	109.968237182696	60.1961177675409	
0.475	99.2700457572937	109.888948348611	60.1483534846657	
0.476	99.1901755332947	109.8097922245	60.1006718933082	
0.477	99.1109013557434	109.730768494013	60.0530727876327	
0.478	99.0316271781921	109.651876842231	60.0055559626501	
0.479	98.9523530006409	109.573116954911	59.958121214207	
0.48	98.8730788230896	109.494488518741	59.9676355744159	
0.481	98.7938046455383	109.415991221719	60.2704677741901	
0.482	98.7151265144348	109.337624752381	60.794468645117	
0.483	98.6376404762268	109.261093681982	61.0242371253882	
0.484	98.5625386238098	109.18631005552	61.0405366097703	
0.485	98.4874367713928	109.111643862207	61.1667087450107	
0.486	98.4123349189758	109.037094845574	61.3541259202095	
0.487	98.3378291130066	108.963409149436	61.4632771982007	
0.488	98.2645153999329	108.890382383982	61.4924352439217	
0.489	98.1912016868591	108.817475418921	61.5216466073035	
0.49	98.1178879737854	108.744788612888	61.5353889011666	
0.491	98.0451703071594	108.672590898817	61.492025737327	
0.492	97.9724526405334	108.60051076274	61.4487331738289	
0.493	97.8997349739075	108.528547920768	61.322975770584	
0.494	97.8276133537292	108.456702089813	60.9221801427666	
0.495	97.755491733551	108.384972987803	60.4750777575098	
0.496	97.6809859275818	108.31134019787	60.3729050125071	
0.497	97.6064801216125	108.23748916151	60.3293099919519	
0.498	97.5325703620911	108.163761611434	60.2857877061962	
0.499	97.4580645561218	108.090157241301	60.2423379744429	
0.5	97.3841547966003	108.016675745025	60.2306374480627	
0.501	97.3102450370789	107.943316817992	60.231513451084	
0.502	97.2363352775574	107.870080156724	60.233074528715	
0.503	97.1630215644836	107.797229753451	60.195112907024	
0.504	97.0897078514099	107.724533646473	60.1522550947085	
0.505	97.0169901847839	107.651958156067	60.2174018721965	
0.506	96.9436764717102	107.579502985168	60.8863709390031	
0.507	96.8709588050842	107.507167837393	62.1926303055696	
0.508	96.801221370697	107.437901551634	62.9587632614777	
0.509	96.7362523078918	107.373363181489	62.9130350214396	
0.51	96.6712832450867	107.308921051335	62.8024775164157	
0.511	96.6063141822815	107.244574948675	62.586972775112	
0.512	96.5413451194763	107.180324661628	62.3722182425521	
0.513	96.4763760566711	107.116169979347	62.1582098724229	
0.514	96.4120030403137	107.052007156153	61.9611975406276	
0.515	96.3464379310608	106.9869437395	61.9211267329167	
0.516	96.2808728218079	106.921978158728	61.8720870629645	
0.517	96.2153077125549	106.85711019649	61.8198003662818	
0.518	96.1503386497498	106.792339635467	61.7245769987449	
0.519	96.0847735404968	106.727595439714	61.4427385149726	
0.52	96.0198044776917	106.662934854016	60.9289661264853	
0.521	95.953643321991	106.597610611026	60.5452045420934	
0.522	95.8862900733948	106.530422078351	60.5046586595202	
0.523	95.8183407783508	106.463338142223	60.4641758455699	
0.524	95.7509875297546	106.396358561607	60.4237559543371	
0.525	95.6836342811584	106.329483095839	60.3833988402058	
0.526	95.6162810325623	106.262711504713	60.3431043578372	
0.527	95.5489277839661	106.19604354928	60.3028723627008	
0.528	95.4821705818176	106.129478990733	60.2627027102296	
0.529	95.4148173332214	106.063017591974	60.2225952568329	
0.53	95.348060131073	105.996659115359	60.1825498590526	
0.531	95.2813029289246	105.930403324991	60.2115496518652	
0.532	95.2145457267761	105.864249985206	60.5656150191071	
0.533	95.1477885246277	105.798198861216	61.1866438028832	
0.534	95.0828194618225	105.7336361496	61.312249180178	
0.535	95.0202345848084	105.671474123749	60.5095400622797	
0.536	94.9576497077942	105.609453839908	59.5158120520843	
0.537	94.89506483078	105.54752453834	58.5374945744141	
0.538	94.8330760002136	105.485686020936	57.5741440424712	
0.539	94.7669148445129	105.420191501824	57.2213818268878	
0.54	94.698965549469	105.352843133658	57.182447975213	
0.541	94.631016254425	105.285600129646	57.1435750856992	
0.542	94.5636630058289	105.218462245468	57.1047630161832	
0.543	94.4963097572327	105.151429237407	57.0660116248888	
0.544	94.4283604621887	105.084500862743	57.0389186102645	
0.545	94.3610072135925	105.017676879302	57.0726863977824	
0.546	94.2942500114441	104.950957045597	57.1811058713867	
0.547	94.2268967628479	104.884535300715	57.2542985134111	
0.548	94.1607356071472	104.818838322604	57.2397671805718	
0.549	94.0945744514465	104.753242262813	57.2612342490081	
0.55	94.0290093421936	104.687746891436	57.2845888936275	
0.551	93.9628481864929	104.62251961798	57.28199299552	
0.552	93.8978791236877	104.557623077932	57.2443679531946	
0.553	93.8323140144348	104.492825947743	57.2068002935163	
0.554	93.7673449516296	104.428128001283	57.1692898858354	
0.555	93.7017798423767	104.363529013073	57.1318365998653	
0.556	93.6368107795715	104.299028758165	57.0944403060967	
0.557	93.5718417167664	104.234627012272	57.0571008748077	
0.558	93.5074687004089	104.170323552158	57.4215097214974	
0.559	93.4424996376038	104.106118154815	58.5364572711767	
0.56	93.3781266212463	104.042010598118	59.4476114700694	
0.561	93.3197140693665	103.98412114324	59.0077219500151	
0.562	93.2613015174866	103.926410247107	58.4935510898502	
0.563	93.2034850120544	103.86877899402	57.9836181970573	
0.564	93.1450724601746	103.811227221268	57.477436701212	
0.565	93.0854678153992	103.752089401404	57.2177159302761	
0.566	93.0246710777283	103.691838171629	57.1204239294647	
0.567	92.9638743400574	103.631672872868	57.0224201420892	
0.568	92.9036736488342	103.571404508994	56.9524890411609	
0.569	92.8422808647156	103.510998680446	56.9163294353257	
0.57	92.7814841270447	103.450677747305	56.8802215967052	
0.571	92.7206873893738	103.390441536272	56.8313792062624	
0.572	92.6604866981506	103.330289874927	56.6316802813008	
0.573	92.5996899604797	103.270222590441	56.2707837474615	
0.574	92.5388932228088	103.210088038092	55.9361934927054	
0.575	92.4769043922424	103.148404729908	55.8999790653732	
0.576	92.414915561676	103.086810720915	55.8638178002878	
0.577	92.3529267311096	103.025305822429	55.827709583003	
0.578	92.2909379005432	102.963889845792	55.7916542989855	
0.579	92.2289490699768	102.902562602892	55.7556518341023	
0.58	92.1675562858582	102.841323906261	55.7197020746631	
0.581	92.1061635017395	102.780173569096	55.6901552362071	
0.582	92.0441746711731	102.719111404869	55.7742468015664	
0.583	91.9827818870544	102.658137227688	55.8658522906511	
0.584	91.9213891029358	102.59729621911	55.9478932276776	
0.585	91.8611884117126	102.537303121787	56.0087905965372	
0.586	91.8003916740417	102.477397061608	56.3597752561364	
0.587	91.7401909828186	102.41757785102	56.9866567884138	
0.588	91.681182384491	102.359044259558	57.4333519547672	
0.589	91.6245579719543	102.302539596177	57.5250728775173	
0.59	91.56733751297	102.246112677681	57.6169537972122	
0.591	91.5107131004334	102.18976334578	57.7089955223113	
0.592	91.4540886878967	102.133992158959	57.718183145748	
0.593	91.3986563682556	102.078553571338	57.6848536832802	
0.594	91.3426280021667	102.023190284548	57.6515693685964	
0.595	91.2865996360779	101.967902146756	57.6183301106522	
0.596	91.2311673164368	101.912689006856	57.5851358185628	
0.597	91.1757349967957	101.857550714156	57.5519864019244	
0.598	91.1197066307068	101.80248711782	57.5209669443495	
0.599	91.0642743110657	101.74749806797	57.5720121438312	
0.6	91.0088419914246	101.69258341501	57.8431082581382	
0.601	90.9540057182312	101.637743009689	58.2529535144619	
0.602	90.8991694450378	101.58378654554	58.5120181441051	
0.603	90.8467173576355	101.531474569464	58.4799927840806	
0.604	90.7936692237854	101.479230554568	58.4480088614438	
0.605	90.7412171363831	101.427054370303	58.4160662963246	
0.606	90.6887650489807	101.374945885916	58.3841650091313	
0.607	90.6357169151306	101.322904971216	58.3523049202237	
0.608	90.5832648277283	101.270931496273	58.3204859505055	
0.609	90.5314087867737	101.219025331626	58.2887080207189	
0.61	90.4789566993713	101.167186347954	58.256971052145	
0.611	90.426504611969	101.115414416417	58.2252749660278	
0.612	90.3746485710144	101.063709408255	58.1936196840017	
0.613	90.3221964836121	101.012071195574	58.1625664484422	
0.614	90.2703404426575	100.960499649974	57.8560137852165	
0.615	90.2184844017029	100.908994644398	57.6695334571363	
0.616	90.1660323143005	100.85756159677	57.4947149429017	
0.617	90.1171565055847	100.808980033792	56.8560784071479	
0.618	90.0682806968689	100.760457846602	56.2609977437162	
0.619	90.0152325630188	100.708079082673	56.3280733906651	
0.62	89.9627804756165	100.656113260739	56.3404066790327	
0.621	89.9109244346619	100.604491137966	56.3097728533361	
0.622	89.8590683937073	100.552935501038	56.2791782385132	
0.623	89.8072123527527	100.501446222884	56.2486227596389	
0.624	89.7553563117981	100.450023176935	56.2181063422505	
0.625	89.7035002708435	100.398666237058	56.187628912086	
0.626	89.6516442298889	100.347375277154	56.1571903949059	
0.627	89.5997881889343	100.296150171761	56.1267907167664	
0.628	89.5479321479797	100.244990795463	56.1669762244509	
0.629	89.4966721534729	100.193897023365	56.4037797390511	
0.63	89.4454121589661	100.142868730845	56.7365254591153	
0.631	89.3941521644592	100.092519902845	56.9497549052127	
0.632	89.3446803092957	100.043505802707	56.9201403731555	
0.633	89.2952084541321	99.9945523846351	56.8905623008143	
0.634	89.2463326454163	99.9456595373422	56.8610206214943	
0.635	89.1968607902527	99.8968271494372	56.8363881343776	
0.636	89.1473889350891	99.8480551103475	56.8264120274617	
0.637	89.0985131263733	99.7993433094405	56.8267718666748	
0.638	89.0490412712097	99.7506916362521	56.8269751019582	
0.639	89.0001654624939	99.7021827746574	56.8140558185957	
0.64	88.9512896537781	99.6538374798273	56.7848280459551	
0.641	88.90300989151	99.6055514944392	56.7702545015776	
0.642	88.8541340827942	99.5573247106839	56.9325349561876	
0.643	88.8052582740784	99.5091570212286	57.2117605877213	
0.644	88.7569785118103	99.4610483190265	57.6471734488883	
0.645	88.7081027030945	99.4129984970751	58.1441107885832	
0.646	88.6604189872742	99.3655943301316	58.5273076560705	
0.647	88.6145234107971	99.3202628945354	58.5463227147677	
0.648	88.5692238807678	99.2752597423805	58.5181537426074	
0.649	88.5239243507385	99.2303088296737	58.4900172550306	
0.65	88.4786248207092	99.1854100667425	58.4619131962072	
0.651	88.4333252906799	99.1405633641611	58.4338415105147	
0.652	88.3880257606506	99.0957686325374	58.4058021426287	
0.653	88.3427262306213	99.0510257829772	58.3777950371361	
0.654	88.297426700592	99.0063347266994	58.3498201389839	
0.655	88.2527232170105	98.9616953749858	58.3202567634147	
0.656	88.2074236869812	98.9171076394442	58.2884097746799	
0.657	88.1627202033997	98.8725714318642	58.2563419677187	
0.658	88.1174206733704	98.8280866640981	58.5618326075489	
0.659	88.0727171897888	98.7836298358682	60.1720617793489	
0.66	88.0274176597595	98.7392215315656	62.192022883906	
0.661	87.985098361969	98.6973570795916	63.6540380352206	
0.662	87.9505276679993	98.6630885595508	63.6301606553697	
0.663	87.9159569740295	98.6288510955492	63.6063050118652	
0.664	87.8813862800598	98.5946446467582	63.5824710758437	
0.665	87.8468155860901	98.5604691724695	63.5586588183341	
0.666	87.8122448921204	98.5263246320623	63.5348682105265	
0.667	87.7776741981506	98.4922109850481	63.5110992240134	
0.668	87.7431035041809	98.4581281908894	63.4873518298405	
0.669	87.7085328102112	98.4240762091665	63.4219548008299	
0.67	87.6739621162415	98.3900549994234	63.1097819571163	
0.671	87.6399874687195	98.356064521571	62.7942630619015	
0.672	87.6054167747498	98.3221047353019	62.4804011735803	
0.673	87.57084608078	98.2881756004717	62.1681804513629	
0.674	87.5362753868103	98.2540332179283	61.9017168026507	
0.675	87.5005125999451	98.2185192426181	62.0267121231734	
0.676	87.4647498130798	98.183038279809	62.323711912383	
0.677	87.4289870262146	98.1475902857102	62.6223299930198	
0.678	87.3938202857971	98.1129391713848	62.7706879540024	
0.679	87.3592495918274	98.0792055031931	62.7472409531312	
0.68	87.3252749443054	98.0455017656011	62.7238149441852	
0.681	87.2913002967834	98.0118279206017	62.7004098999185	
0.682	87.2573256492615	97.9781839300364	62.6770257930744	
0.683	87.2233510017395	97.9445697558311	62.6536625966065	
0.684	87.1893763542175	97.91098536017	62.6303202834773	
0.685	87.1554017066956	97.8774307049911	62.6069988265092	
0.686	87.1214270591736	97.8439057525623	62.5836981986137	
0.687	87.0874524116516	97.8104104650788	62.5604183730418	
0.688	87.0534777641296	97.7769448047151	62.5371593227724	
0.689	87.0195031166077	97.7435087340593	62.5139210209924	
0.69	86.9855284690857	97.7101022153128	62.4907034407167	
0.691	86.9521498680115	97.6767252110119	62.4602472706462	
0.692	86.9181752204895	97.6433776837461	62.1011347561354	
0.693	86.8842005729675	97.6100595960936	61.2492528259328	
0.694	86.8508219718933	97.5767709106703	60.3791069177448	
0.695	86.8156552314758	97.5417956504952	59.8259655368933	
0.696	86.7775082588196	97.5042462336692	59.7819661919141	
0.697	86.7393612861633	97.466734407597	59.6950579830197	
0.698	86.7012143135071	97.4291784733129	59.2048304138681	
0.699	86.6636633872986	97.3916198754543	58.5176885747129	
0.7	86.6255164146423	97.3540986973926	57.8385145426129	
0.701	86.5873694419861	97.3166148843805	57.1671340310112	
0.702	86.5498185157776	97.2791683820588	56.5033784552278	
0.703	86.5092873573303	97.239423068088	56.2558624553506	
0.704	86.4681601524353	97.1984600458217	56.2301495010141	
0.705	86.4270329475403	97.1575403598209	56.2044640071721	
0.706	86.3853096961975	97.1166639431889	56.1788059306315	
0.707	86.3441824913025	97.0758307291971	56.1531752286252	
0.708	86.3030552864075	97.0350406513658	56.2692344786766	
0.709	86.2619280815125	96.9942936432914	57.5306569896651	
0.71	86.2208008766174	96.9535896384149	58.8945978020358	
0.711	86.1802697181702	96.9137259003452	60.0628193763458	
0.712	86.1462950706482	96.8798078223598	60.0392485507797	
0.713	86.1117243766785	96.8459183188986	60.0170140066609	
0.714	86.0777497291565	96.8120573576343	60.0010276222473	
0.715	86.0431790351868	96.7782249064859	59.9912522826317	
0.716	86.0092043876648	96.7444209328298	59.9814919388776	
0.717	85.9752297401428	96.7106656825753	59.9685574977739	
0.718	85.9412550926209	96.6770047638938	59.9452988358096	
0.719	85.9066843986511	96.6433724743041	59.9220606131536	
0.72	85.8727097511292	96.6097687802797	59.8988428046333	
0.721	85.8387351036072	96.5761936484264	59.8756453854216	
0.722	85.8047604560852	96.5426470458341	59.8524683304228	
0.723	85.771381855011	96.5091289389759	59.829311614908	
0.724	85.737407207489	96.4756392949675	59.8061752137954	
0.725	85.703432559967	96.442178080282	59.7177700225926	
0.726	85.6694579124451	96.4087452621136	59.0606476378294	
0.727	85.6354832649231	96.375340807596	57.990394701526	
0.728	85.6021046638489	96.3419646834941	56.977116938524	
0.729	85.5651497840881	96.3055572911081	56.6184487278492	
0.73	85.5258107185364	96.2667038757425	56.7578227663708	
0.731	85.4864716529846	96.2278901147121	56.8975599818961	
0.732	85.4477286338806	96.1891159490092	57.0376626398612	
0.733	85.4089856147766	96.1507692154468	57.1266844094522	
0.734	85.3702425956726	96.1129997359404	57.1562668395321	
0.735	85.3320956230164	96.0752681068829	57.2014561246971	
0.736	85.2945446968079	96.0375742727907	57.2458530907731	
0.737	85.2563977241516	96.0001658678031	57.2506587934125	
0.738	85.2188467979431	95.9629760303426	57.2269567182071	
0.739	85.1812958717346	95.9258236866794	57.2032784265042	
0.74	85.1437449455261	95.8887087806966	57.1796238827648	
0.741	85.1061940193176	95.851631256961	57.1559930516006	
0.742	85.0686430931091	95.8145910594006	57.3764894929914	
0.743	85.0310921669006	95.7775881329191	60.851004169094	
0.744	84.9941372871399	95.740622421855	64.3229009637122	
0.745	84.9577784538269	95.7049855823371	67.3094180836077	
0.746	84.9363207817078	95.6837394081341	67.291948762376	
0.747	84.9148631095886	95.6625033253887	67.2744885890411	
0.748	84.8928093910217	95.6412773306543	67.2570375587755	
0.749	84.8713517189026	95.6200614203476	67.2395956670901	
0.75	84.8498940467834	95.5988555909336	67.2221629092086	
0.751	84.8284363746643	95.5776598387248	67.2047392805039	
0.752	84.8069787025452	95.5564741603245	67.1873247763241	
0.753	84.7849249839783	95.5352985519227	67.1735118235661	
0.754	84.7634673118591	95.5141330101282	67.1787776807672	
0.755	84.74200963974	95.4929775311309	67.1953242822379	
0.756	84.7205519676209	95.471832111404	67.2117671060975	
0.757	84.6990942955017	95.4507355506984	67.202972474328	
0.758	84.6776366233826	95.429823634559	67.1124232114143	
0.759	84.6567749977112	95.408922531357	66.9935653746448	
0.76	84.635317325592	95.388032235268	66.8749343920799	
0.761	84.6138596534729	95.3671527403668	66.7289105475359	
0.762	84.5929980278015	95.3462840405158	64.962113607534	
0.763	84.5715403556824	95.3250944039497	61.8030619819714	
0.764	84.5494866371155	95.3036858288394	58.4887952699974	
0.765	84.5274329185486	95.2820445411208	55.0010016490432	
0.766	84.4880938529968	95.2429387579004	54.9769660506835	
0.767	84.4481587409973	95.2038743805826	54.9529557153263	
0.768	84.4088196754456	95.1648513446619	54.9289706037495	
0.769	84.3694806098938	95.1258695854509	54.905010676495	
0.77	84.330141544342	95.086929038628	54.8810758942694	
0.771	84.2908024787903	95.0480296399245	54.8571662181664	
0.772	84.2514634132385	95.0091713249102	54.8332816087519	
0.773	84.2121243476868	94.9703540298936	54.809422027362	
0.774	84.1733813285828	94.9315776907506	54.813410676931	
0.775	84.134042263031	94.8928422439125	54.873878794482	
0.776	84.0947031974792	94.8541476256858	54.9515547968853	
0.777	84.0559601783752	94.8154937725167	55.0273288695252	
0.778	84.0172171592712	94.7771371635809	55.0609262544929	
0.779	83.9784741401672	94.7391809337809	58.4868600334422	
0.78	83.940327167511	94.7012629871092	62.4044479401395	
0.781	83.9021801948547	94.6633832684157	66.03716591718	
0.782	83.8801264762878	94.6421189205904	66.1099699138489	
0.783	83.8592648506165	94.6212964673858	66.0941261098602	
0.784	83.8378071784973	94.6004868080589	66.0782920707183	
0.785	83.8169455528259	94.5796899314631	66.0624677878555	
0.786	83.7954878807068	94.5589058267227	66.0466532527954	
0.787	83.7746262550354	94.5381344826209	65.903219635543	
0.788	83.7531685829163	94.5173758880048	65.3942619799311	
0.789	83.7323069572449	94.4966300319583	64.6705318373289	
0.79	83.7108492851257	94.4758969034393	63.9558411731156	
0.791	83.6899876594543	94.4551764911569	63.2499714115926	
0.792	83.669126033783	94.4344687843428	62.5527118483929	
0.793	83.6458802223206	94.4119323233453	62.1974076468523	
0.794	83.6214423179626	94.3875588731567	62.1797464612032	
0.795	83.596408367157	94.3632018698849	62.1620973715857	
0.796	83.5719704627991	94.3388612979798	62.1352363768339	
0.797	83.5469365119934	94.3145371421441	62.0500419921318	
0.798	83.5224986076355	94.2902293866277	61.3224306278052	
0.799	83.4974646568298	94.2659380160609	60.0164518685082	
0.8	83.4730267524719	94.2415989531273	58.6898699150157	
